#resi   rmsf
    3   2.7399
    4   2.6364
    5   2.6278
    6   2.3058
    7   2.2896
    8   2.1061
    9   2.2686
   10   2.2853
   11   2.3005
   12   2.5071
   13   2.6275
   14   2.4921
   15   2.7106
   16   2.6052
   17   2.6202
   18   2.5523
   19   2.5229
   20   2.4005
   21   2.5562
   22   2.3720
   23   2.7697
   24   2.5017
   25   2.7734
   26   2.7468
   27   3.0607
   28   2.9408
   29   2.6507
   30   2.6569
   31   2.4533
   32   2.3029
   33   2.3328
   34   2.3456
   35   2.0317
   36   2.0514
   37   2.2812
   38   2.1012
   39   1.8452
   40   1.9612
   41   2.1217
   42   1.8910
   43   1.8743
   44   1.8037
   45   1.7139
   46   1.7426
   47   1.7215
   48   1.8116
   49   1.8377
   50   1.8288
   51   1.8121
   52   1.9297
   53   2.0712
   54   2.0615
   55   2.3228
   56   2.4370
   57   2.6378
   58   2.8569
   59   3.0420
   60   2.7498
   61   2.4860
   62   2.3250
   63   2.1681
   64   1.9412
   65   1.7984
   66   1.7746
   67   1.6914
   68   1.7416
   69   1.8626
   70   1.8246
   71   1.9996
   72   1.9673
   73   1.9798
   74   1.8280
   75   1.7684
   76   1.8055
   77   1.9312
   78   2.0181
   79   2.2163
   80   2.0502
   81   2.0823
   82   2.2432
   83   2.2368
   84   2.5875
   85   2.5710
   86   2.6931
   87   2.9317
   88   2.8789
   89   3.2179
   90   2.9703
   91   3.1511
   92   2.8301
   93   3.1768
   94   3.0520
   95   2.9636
   96   2.6687
   97   2.6732
   98   2.3455
   99   2.3431
  100   2.1712
  101   2.1466
  102   2.3135
  103   2.3856
  104   2.4951
  105   2.6278
  106   2.5530
  107   2.2601
  108   2.1812
  109   1.9495
  110   1.8282
  111   1.9250
  112   2.0057
  113   2.2948
  114   2.3575
  115   2.6271
  116   2.7734
  117   2.9747
  118   3.1755
  119   3.0206
  120   3.1978
  121   3.0406
  122   2.7601
  123   3.0020
  124   2.9235
  125   2.7901
  126   2.5322
  127   2.5047
  128   2.6251
  129   2.3589
  130   2.5439
  131   2.7621
  132   2.6534
  133   2.8433
  134   2.8729
  135   2.7216
  136   2.8511
  137   2.9677
  138   2.6356
  139   2.6064
  140   2.9128
  141   2.8113
  142   2.4951
  143   2.7558
  144   2.8688
  145   2.6905
  146   2.7423
  147   2.8239
  148   3.0712
  149   2.8350
  150   2.5829
  151   2.5944
  152   2.4478
  153   2.7260
  154   2.6737
  155   2.3150
  156   2.2129
  157   2.0618
  158   1.9562
  159   2.1079
  160   2.0795
  161   2.0237
  162   2.1845
  163   2.3899
  164   2.6451
